2 334 267 74 126 20 759 299 60 32300 59 760 101 1592 7 618 6284 11 7 16850 18 80 5 3
2 3867 70492 10770 1852 8 421 68 19 68 2650 12 6 10 110 41 5 3
2 2193 5413 88 8 19 1544 4692 189 56 13631 44 23 5922 12 6 10 110 41 5 3
2 1123 10442 3119 88 190 22 7040 8 2663 714 17372 22617 652 8845 6 15 29 94 97 6 82 29 41 5 3
2 40146 2136 20 20701 8 14060 40 43866 5014 8 2147 151 22 221 4873 19 22 7 19600 2760 18 80 5 3
2 1646 19 1773 240 1123 187 10442 22 8 8 695 643 85 525 2999 54 283 22 8 8 181 2999 268 525 22 8 582 54 283 8 3180 4095 85 3639 19 54 283 23 644 6 10 110 41 5 3
2 2169 118 4581 54260 927 6 360 118 22645 68 190 12016 28 6 433 41 187 24 954 480 46 9 1689 6 35 471 43 7 561 455 11 148 285 167 5 3
2 95 9296 1611 20 152 198 22 252 34 9497 20 136 9 420 8 56 1208 8 8090 8 1916 6 15 29 94 97 6 124 29 89 11 5 3
2 24 112 694 3931 2446 1565 88 8 24 451 9 7189 20 383 21 105 7 1588 11 149 350 167 5 3
2 635 158 1324 24507 56 6084 954 23 136 9 199 12 6 10 13 5 3
2 5982 635 232 60 208 308 59 3927 373 38 635 633 9 6270 112 2893 7 5982 635 7 7187 2393 5 3
2 7613 4834 238825 38 635 14 1464 9744 70 14283 9 633 6 208 6 145 11 5 3
2 635 9 4919 21839 1262 204 178 3082 3986 12 6 679 1725 6 146 183 5 3
2 301 1876 19 11017 8 536 19 35 8 696 123 19 216 301 115 1876 22 30 358 15 323 6991 28 12 7 79 15 74 614 7 475 386 11 5 3
2 918 14 635 40 614 5169 4317 9 9758 40 7757 680 125 9 45880 730 39 26 208 308 27 6 232 373 11 5 3
2 156 1809 635 13287 20 559 4440 208 918 2213 2617 232 770 5 3
2 156 104 2132 635 1455 292 1131 1345 2809 967 28 12 7 635 1455 7 232 25 5 3
2 635 1455 292 1083 15 119 324 232 6 10 13 5 3
2 62723 5478 11008 9 8 5792 6457 1188 37 23 11008 84 451 207 9 568 18302 21622 1244 6 10 13 5 3
2 100 366 208 1248 3244 726 918 194 400 6 10 13 5 3
2 208 310 1222 831 229 28179 78 45 9246 2323 242 11559 18362 966 741 218 671 1028 9 770 5 3
2 83 208 730 1248 6590 563 40 680 2540 9460 92 8 132 897 457 9145 9 5099 14 26 7 635 1455 753 481 7 1841 2393 5 3
2 208 730 9 26 1764 27 112 26 3022 27 1046 8 14 635 6724 279 209 3218 276 9 1046 39 6 232 373 11 5 3
2 86 202 36 226 74223 270 86 46534 12 570 374 377 34550 58201 720 6279 18280 750 22 39 6 17073 1476 86 6 146 183 5 3
2 2468 83 37906 11797 92 681 276 3644 26 50 27 36 37906 11797 36 276 6 417 521 5 3
2 48 1815 13 815 3881 2372 2149 9019 113 9019 3010 28 12 7 113 342 5 3
2 1394 2326 61 1857 9516 9303 5490 1394 2018 52 159 168 64 277 161 6 339 2018 6 303 3301 52 481 5 3
2 163665 3754 8 35583 199 7 2770 946 7 7093 2825 42 26 7981 7086 7617 27 36 58 51 20 2825 42 5 3
2 822 45 58 2676 15 8056 441 9796 1626 10048 33021 7 84 547 493 7 84 547 4673 11 5 3
2 2061 112 524 93 170 38384 4813 14 233 9 8 2902 5430 12054 1646 347 47 38384 117 399 118 111 1802 324 6 4790 6 160 99 6 160 141 5 3
2 864 7821 18 1221 199 18 7369 9 43066 7369 9 7561 18 7639 46 20219 9117 26 25308 106 19308 27 18 2725 2429 26 16091 196 27 46 9 192 862 19269 26 26342 58224 27 43066 30889 16086 26 31181 89978 27 18 8899 26 2404 550 3910 27 684 250 8160 9 242 61 20491 26 29076 1716 27 18 7639 34658 9 11596 46 18 87 60957 16086 4848 43066 18 4356 252 576 5460 9 32358 18 4272 9 57385 26 18255 683 27 2481 129 221 608 22 25357 562 136 9 916 18 15 9 675 11327 18 15 9 675 64779 18 2959 576 1889 118 6395 974 244 675 20 34 4930 202 18 95 18 132 592 457 1110 15 26 27 897 457 18 1903 40 1403 394 66 66 1382 1508 11 66 66 5 3
2 5431 14126 1937 70 830 9 20 253 6 14126 25 6 10 31 5 3
2 25690 1937 118 5366 1322 1322 13118 380 119 790 8 118 1937 53 419 7310 6 145 32 5 3
2 47069 3326 7417 12697 44 56439 13914 7063 163 2321 142 6199 2794 201 21 2294 12 12 433 1555 6 399 346 7 211 905 640 5 3
2 14264 37 503 144 479 240 16899 190 37 13056 8 215 40 220 845 2229 3292 28 12 845 215 327 228 12 6 10 13 5 3
2 24 1354 5496 174 2034 37 14264 105 22 20 34 47 9190 8 1718 1335 14264 71 839 187 24 190 93 123 358 23213 22 20 3187 515 1040 397 9 3563 1896 7 7 43 350 167 36 1027 1951 26 6267 18 80 27 5 3
2 1934 8672 3577 2509 28239 21 177 6 10 110 41 5 3
2 5542 946 8 16 27187 17 9008 1364 536 109 72 7288 7083 5945 53 6261 7 51 315 236 174 576 37 10355 1578 1099 12730 22197 63 1934 1314 2371 3995 63 656 377 1934 2021 63 61678 4026 10170 1119 1306 1578 9460 4583 63 194 217 22182 62997 430 730 8435 1179 2771 5444 9 8 8629 1225 9427 1119 9147 10355 5323 7083 647 6643 5647 18 18 18 7 470 404 520 30 5 3
2 4568 10482 276 3899 4723 184 1314 9 2140 6 10 235 5 3
2 60 635 633 6057 15438 59 6 10 235 5 3
2 7433 3404 33 8 192 48751 203240 8 16685 535 791 20 14 23 9 134 12 6 10 13 5 3
2 7203 24 526 1741 590 1425 84 226 2232 178 19 590 5780 7 1472 590 1425 84 9 19 4231 5780 15 172 5 3
2 7169 15438 66 66 96 20 34 4972 10423 5084 9 33 5 3
2 332 56 914 1490 32126 9 655 3592 16 50 17 6 2542 332 6 1299 6 300 521 11 5 3
2 488 334 151 615 9 227 2229 7827 8686 9 56 525 8 6 15 29 94 97 6 82 29 41 5 3
2 882 697 45 8 698 572 605 37 835 567 34 79 8 1105 1402 358 96 9 8 19834 577 22 7 262 7 67 32 7 55 122 5 3
2 5617 5251 217 19359 180 9 1005 8 1490 185 1194 5169 4429 28 12 6 10 13 5 3
2 123 68 468 24 882 9 332 118 631 9 265 4091 46 22 1051 19 68 24 22 6 1299 1717 6 160 42 6 160 141 5 3
2 882 236 45 22 8 605 279 19 54 2209 5041 24 8 24 255 11867 245 1445 8 220 221 154 24 347 21 105 6 10 13 5 3
2 882 21503 250 24400 164 980 9 33866 164 553 187 179 12 12 12 6 9115 749 6 160 42 6 160 141 5 3
2 1934 22 2624 9 265 14 19 14 221 408 3375 6 10 13 5 3
2 37 93 129 212 468 1805 8255 12 6 399 346 7 211 905 640 5 3
2 157 1670 12540 57484 2673 1247 12369 13629 1070 37969 7 599 516 11 5 3
2 2673 1247 7927 6179 1746 2325 4734 1152 479 2088 8647 427 83 93681 92 572 10242 83 7360 4308 92 1029 1019 5 3
2 278 79 129 2963 10957 9 1750 6 336 282 111 6 663 794 555 11 5 3
2 24840 8489 4103 264 8272 865 6 7924 1306 1693 480 8272 865 186 8489 6 24 1302 644 2527 37 1044 714 1023 81 46 4520 840 9 1693 19083 8 427 81 54 25500 9 1693 12 6 35 471 43 7 561 455 11 148 285 167 5 3
2 37 5670 3623 46 296 2182 3463 2914 28 12 415 29 22 119 34 7332 9 2238 33 7 11635 1988 11 5 3
2 82777 9960 19930 627 187 324 157 1722 4419 6378 2422 88 25706 6 1172 680 6 114 165 6 1172 114 11 5 3
2 159 1928 9176 161 1443 9 1722 20 163 29474 30 30 6 2308 950 6 160 42 6 160 141 5 3
2 1941 115 8245 1722 7830 1941 9 257 260 312 23 138 6 10 13 5 3
2 60 637 569 4560 2456 59 8344 93213 61 479 1431 40204 8 4292 192 33 391 9 9111 121 30 6 145 32 5 3
2 3574 8254 6244 33 1244 199 6 333 114 5 3
2 83 539 4868 24 164 44 116 1083 22 8 527 19 226 8 24 15 220 511 9 13460 8 1306 234 3175 3587 187 220 9 24 212 558 68 981 24 9 164 12 7 7 43 350 167 36 1027 1951 26 6267 18 80 27 5 3
2 60 8907 79 4651 812 679 833 59 203 313 3964 4949 8 8907 79 4651 812 679 833 1441 162 931 5 3
2 689 635 376 117 329 890 3290 892 2306 22 21 105 6 10 13 5 3
2 6041 66082 21 1395 19 68 107526 6 10 13 5 3
2 24 9 47 275 1279 21 19 473 3663 2675 2061 22 8 1457 2675 19 1852 624 8 132 14 21 177 121 30 6 5348 6 2267 47 372 141 5 3
2 3824 6482 8 516 2509 23681 8 2433 337 1219 8 11497 39 4132 68 442 22 39 16 5384 25 17 6 10 31 5 3
2 505 98 207 382 5728 20808 64 55050 430 168 34 2616 250 5183 3968 7915 152 7 382 214 209 254 5 3
2 488 19 408 20 34 332 8 220 187 48 180 776 4752 9 54 68 28 12 17055 14 220 408 48 6 222 803 6 160 42 6 160 141 5 3
2 10131 106 38 55 9 6716 6 145 32 5 3
2 919 63 1243 63 528 430 1897 6140 9 60348 894 3803 2830 63 18202 2830 37 1296 1262 5062 451 244 3801 185 3482 2626 2830 6 940 114 11 5 3
2 5586 6135 117 9796 934 1095 2422 1835 199 741 18 2419 5 3
2 37 1144 612 30599 84 8 1815 5199 1669 112 2921 6995 4554 9 8006 1019 171 4231 8 53509 37 10917 185 19 54 118 85463 6 10 13 5 3
2 23951 6396 18059 5027 1763 17986 91 4545 992 117 6 10 13 5 3
2 7742 874 3260 53 179647 9 633 874 143 4347 3260 6 40165 31254 6 146 183 5 3
2 2718 40 1230 38 16067 200 20066 43314 37651 580 135937 7567 39437 12815 712 7 2275 1103 15390 11 5 3
2 841 142 193 55859 3195 4859 18620 9330 1880 7304 18371 7 169 1076 11 5 3
2 7813 21 105 12 15 751 24 698 7813 22 8 1401 216 24 133 368 20 152 224 8 727 182 37 190 7 108 90 33 5 3
2 3792 20103 593 281 45 469 406 193 7 469 11 5 3
2 78 45 1250 2323 150 2786 3820 970 232 5709 116 3820 3751 40 7387 519 1438 5 3
2 822 45 15113 62 6634 232 1253 693 1033 7 391 413 331 331 5 3
2 564 423 738 2614 571 6 477 564 423 738 330 571 6 1175 1387 5 3
2 20 5128 9 126 477 190 2860 1573 8 553 14 190 45453 15867 21011 7398 4568 2307 26 85036 27 8 1085 19 13 14 41 41175 22 182 3465 6 10 110 41 5 3
2 24 118 21910 14183 22 207 1788 14 21 34 325 6 15 29 94 97 6 124 29 89 11 5 3
2 126 515 34 98 22 8 5192 2860 1573 4608 85 1962 22 8 4998 3415 431 22 8 21 18 18 18 6 124 29 89 11 6 166 18 80 5 3
2 695 5880 307 995 1123 10875 525 21 105 12 7 450 99 7 450 11 5 3
2 78 45 351 363 2028 2229 2715 467 116 38 188 98 390 225 789 505 225 6 58 150 11 5 3
2 49493 1421 1437 137 8 49493 1421 1437 137 75 348 162 111 5 3
2 278 3640 22 3346 118 2147 9206 6 336 282 111 6 1531 3192 282 11 5 3
2 488 1646 14 2761 5362 22 796 477 85 14 2240 315 22 8 195 477 14 2240 119 6 10 13 5 3
2 477 2240 20 8 74 260 546 37 19824 46 730 8 65 36879 2123 8 44882 2455 8 15486 1998 6 10 13 5 3
2 5825 806 6123 962 159 22214 3702 161 109 362 510 26 6042 586 27 8 5825 806 6123 962 159 22214 3702 161 319 155 7 3188 602 5 3
2 3302 123 477 14 1002 142 11687 26 2004 38 2850 7 188 38 2850 27 104 22 800 8 503 142 2598 139 152 427 1536 26 503 38 2850 7 28136 27 6 10 13 5 3
2 8392 399 467 8 100 2376 2810 182 399 5114 154 13 8 2397 24 9 2376 2810 527 14 399 1685 6 311 197 11 5 3
2 60 2172 39 34811 59 7833 8510 34 34 87 14 83 3531 29963 92 6 222 114 6 765 10307 6 109 222 803 114 5 3
2 1171 38 477 40807 9 17042 19 54 65 22 8 386 115 7426 419 6200 79 1962 22 16 14555 365 25 17 6 10 31 5 3
2 24 2671 24 870 3678 9 1289 696 3250 8562 11862 8 74 3416 2625 8 6180 2405 2405 220 9 3034 1398 8 895 65 24 9 61 6449 4374 537 358 8 4027 18922 37 46 6 583 127 99 5 3
2 577 22 460 22781 8 19 81 4227 120230 16 1351 1415 585 17 17032 36 1266 6 1351 1415 585 7 3860 482 11 5 3
2 3302 5231 7130 22 8 2761 151 61 4127 39 81 22 3319 89 39 323 644 56 297 28 12 6 10 110 41 5 3
